date: '2026-03-05'
moon: 189.12768733835767
nakshatra: Swati
sun: 344.91724993695743
tithi: 18
